3629
7416
9495
9543
5708
8637
6142
3175
2878
6210
4823
9157
4552
6686
8431
5045
6684
2533
832
8241
7322
4861
9383
4682
6052
5906
1770
1436
1634
5740
611
1651
3169
517
2590
3417
7536
7752
1802
9166
196
8387
4349
5764
3660
9206
1869
5751
3102
273
7838
2362
3080
4715
2750
4647
9962
2910
4940
9632
9924
9649
2960
6748
8242
3983
5768
4332
8408
411
6338
7323
8229
5711
5541
1330
6576
296
4432
7157
7471
7210
4497
8745
8205
9611
2517
946
3004
3976
8871
1455
6261
932
2901
5601
7797
8622
9229
9897
6325
2642
3416
6053
5374
3317
1978
790
3065
7161
4116
8059
1212
6524
6092
75
3944
7315
3158
73
4243
107
2254
7854
9414
8486
4251
9408
9824
5797
40
384
378
2233
1343
3057
2721
6096
3367
6534
2779
1232
5765
5286
5883
697
7258
7375
6357
8674
2924
7528
5574
7856
5810
8412
7649
9196
1512
7046
1429
6034
9892
5847
5265
5656
8985
9594
9132
778
6521
2282
8532
8866
1737
2116
4927
3801
9000
5376
3311
6165
3349
7397
5820
4065
2815
2149
7677
8213
400
5037
9796
2016
6145
7811
8541
3993
8148
2499
3812
3412
9172
8944
6232
1355
7898
7976
3808
7601
4240
7389
4221
6977
6312
7981
4417
9834
7147
633
6947
9842
3961
8238
7394
8986
8576
9734
8068
4061
4500
6854
4900
8125
8115
9149
9512
624
1088
4897
3178
5597
4558
2531
9752
4752
5091
887
4353
1279
641
2400
3599
584
6477
4555
2516
6979
8884
6945
8941
3304
7267
8338
8343
7310
159
4161
2386
7660
2419
9017
6031
5102
5707
4680
7107
8549
2336
1369
5002
9089
8003
5219
8753
9942
5539
2274
5974
9043
3133
8479
5163
8524
4510
6613
5201
1157
5583
8001
5636
3392
100
1685
2446
4189
6657
3698
3344
1637
5517
3659
8374
8952
4099
1435
6913
2738
6870
7003
9243
7011
7657
3491
5030
4040
5001
4993
3272
3908
4599
5908
6694
1064
5608
7439
701
3473
8586
4314
845
3033
6026
4010
4634
6756
1213
6605
7675
2786
5625
742
7037
4169
3904
1668
4366
2379
9728
5062
2508
6192
6228
8421
4282
5193
2256
4384
6655
5709
4812
9264
1000
3410
7901
8224
5212
2301
3653
2422
8321
6995
6799
9270
2189
4882
7209
5737
3501
9218
7493
2980
6529
453
6978
6871
546
6961
2456
2412
7939
2280
1237
2474
688
4889
4397
4467
6443
754
7598
1924
5728
6656
3483
753
3921
3651
2675
5874
2792
1935
3588
6936
2944
8348
5431
8762
5267
7141
4398
3960
7186
7174
9848
2643
1982
3607
1406
7050
8852
1539
9474
2204
8757
8260
734
9136
17
9946
3440
1833
5775
9146
6641
4973
7288
105
7997
6891
8176
7911
6901
2902
1732
1176
1427
3546
198
5535
4862
2408
2273
8443
7462
1158
1817
8886
3735
3068
5225
2130
3297
6794
693
6707
9516
3426
8336
9568
2120
8291
552
7167
8520
766
4097
8537
3616
2118
